3.28
0.39
0.27
2.03
0.19
3.53
2.23
3.39
3.59
1.23
1.30
3.60
3.11
0.22
1.50
2.86
1.45
1.75
1.40
1.77
0.46
2.75
1.57
1.18
0.66
0.83
3.31
3.63
3.61
2.90
3.08
3.85
0.94
3.83
2.18
2.72
0.03
0.10
3.84
1.14
3.75
0.95
0.16
3.29
1.36
0.92
1.25
2.47
2.36
2.17
0.67
2.17
2.66
1.93
1.90
3.83
1.13
2.31
1.37
0.15
2.10
1.30
3.53
1.22
2.73
0.68
0.84
0.80
0.04
0.52
0.72
0.20
1.72
3.57
1.42
3.04
3.64
0.05
1.02
1.82
2.31
0.86
0.76
1.48
2.73
2.79
3.80
1.59
3.10
0.57
0.99
2.95
1.32
0.55
0.64
3.93
0.78
1.87
2.76
3.50
3.68
2.44
0.03
3.39
1.98
2.70
1.16
0.58
3.54
3.30
0.44
1.94
1.43
3.11
0.41
1.36
1.73
2.13
0.06
1.37
3.10
0.33
1.09
2.00
3.85
0.99
1.69
0.16
0.29
0.97
1.31
3.52
1.74
1.79
0.69
0.46
1.42
3.22
3.06
3.44
2.74
0.26
1.71
3.11
2.20
1.78
1.89
2.89
2.78
1.46
2.07
3.73
0.08
1.37
0.70
0.45
0.74
2.72
1.64
1.29
1.19
0.45
1.02
3.47
2.53
0.99
2.75
2.58
3.04
1.56
1.52
3.14
1.48
1.29
3.18
0.40
1.72
2.78
2.70
1.81
2.88
3.30
0.73
2.93
1.43
3.61
1.26
1.29
0.69
0.60
3.50
3.09
1.43
0.46
0.88
3.28
1.16
0.04
2.41
0.83
0.73
0.57
1.18
0.66
0.65
0.81
0.65
0.96
1.33
1.50
1.15
1.37
1.49
1.35
0.82
1.11
1.28
0.75
0.82
0.91
1.06
1.21
1.48
1.10
0.94
0.78
0.90
0.56
1.17
1.35
1.29
1.38
0.89
0.70
1.14
1.00
0.78
0.65
0.72
0.97
1.33
1.37
0.78
0.75
1.41
0.74
1.18
1.45
1.34
0.76
1.27
0.89
1.01
1.05
1.02
1.25
0.60
0.64
1.04
1.22
0.85
1.31
0.71
1.02
0.78
0.74
0.52
1.38
0.66
0.61
1.10
1.36
0.88
0.69
0.70
1.25
1.06
1.24
0.84
0.52
1.24
0.58
1.42
1.37
0.97
0.75
0.53
0.81
1.38
1.04
1.17
1.48
0.80
0.55
0.60
1.22
1.42
1.27
1.14
0.67
3.84
3.27
2.42
3.13
1.92
3.65
3.21
2.78
2.40
3.18
3.20
2.51
2.98
2.70
2.51
2.88
2.57
2.69
3.53
3.20
2.78
3.78
3.30
3.98
3.26
3.05
2.88
3.23
4.23
2.38
3.16
2.43
3.54
2.64
2.78
3.19
2.03
2.19
2.68
2.99
2.78
2.73
3.24
3.10
2.39
2.60
2.88
3.33
3.20
2.65
2.86
3.03
2.70
3.72
2.51
3.02
3.16
2.76
2.74
2.59
2.63
2.51
3.10
3.28
3.24
3.10
2.50
3.62
3.15
2.89
2.67
3.39
3.04
2.95
2.97
2.85
3.04
3.28
3.15
2.99
2.45
2.83
2.97
2.88
2.81
2.29
2.90
2.40
2.87
2.68
2.77
2.29
3.38
3.37
2.85
2.64
2.94
3.08
2.40
3.25
