0.81
0.18
0.58
0.24
0.46
0.27
0.68
0.42
0.83
0.81
0.15
0.42
0.78
0.61
0.50
0.54
0.14
0.07
0.33
0.78
0.67
0.17
0.09
0.86
0.61
0.80
0.22
0.54
0.58
0.47
0.25
0.57
0.08
0.22
0.78
0.94
0.93
0.35
0.89
0.81
0.65
0.12
0.70
0.74
0.03
0.60
0.50
0.40
0.99
0.28
0.06
0.15
0.47
0.74
0.65
0.73
0.52
0.77
0.96
0.28
0.41
0.72
0.18
0.46
0.70
0.05
0.91
0.50
0.69
0.08
0.45
0.36
0.67
0.09
0.72
0.55
0.35
0.01
0.98
0.33
0.52
0.43
0.72
0.79
0.76
0.24
0.25
0.43
0.67
0.68
0.19
0.31
0.64
0.65
0.47
0.20
0.80
0.81
0.16
0.65
0.59
0.10
0.46
0.08
0.59
0.24
0.19
1.00
0.28
0.77
0.88
0.83
0.34
0.66
0.15
0.48
0.96
0.00
0.93
0.70
0.98
0.26
0.35
0.53
0.80
0.43
0.94
0.83
0.86
0.92
0.62
0.46
0.81
0.11
0.83
0.28
0.94
1.00
0.60
0.51
0.60
0.40
0.21
0.82
0.81
0.39
0.68
0.94
0.71
0.49
0.92
0.95
0.26
0.62
0.48
0.10
0.12
0.58
0.53
0.85
0.54
0.71
0.58
0.52
0.96
0.01
0.62
0.25
0.93
0.95
0.98
0.43
0.19
0.90
0.05
0.17
0.11
0.03
0.51
0.76
0.51
0.23
0.59
0.24
0.49
0.62
0.24
0.57
0.76
0.28
0.15
0.16
0.57
0.30
0.51
0.43
0.63
0.05
0.51
0.33
3.97
2.92
2.57
3.97
2.25
3.26
1.69
4.96
3.57
5.27
3.54
2.38
4.25
5.28
4.62
4.15
4.32
1.62
4.85
3.16
1.96
4.32
5.04
2.95
3.01
5.24
4.81
3.57
2.04
5.23
2.68
2.09
3.81
3.96
4.97
4.22
4.49
4.84
2.80
5.37
2.60
1.77
4.23
4.67
4.07
4.39
3.03
4.18
4.68
4.00
1.53
5.17
4.00
2.50
4.44
3.36
2.32
4.39
1.86
4.45
2.06
1.59
3.39
4.51
2.76
1.66
1.72
1.90
2.42
1.72
3.21
4.83
2.39
5.01
3.86
4.65
3.86
1.70
4.94
2.82
3.87
1.92
1.71
3.74
4.69
4.10
2.03
4.87
5.04
5.39
4.07
3.68
4.26
1.69
3.51
3.46
3.83
1.94
2.15
3.33
2.71
3.35
2.64
2.59
3.02
2.49
1.97
2.28
2.80
2.14
3.05
2.60
2.55
2.65
2.47
2.27
2.69
3.02
3.15
2.22
2.82
2.09
3.02
2.51
2.59
3.19
1.67
2.55
2.07
1.88
2.75
2.34
2.34
2.53
2.33
2.27
2.85
2.17
2.40
2.70
2.18
2.50
2.75
2.56
3.53
1.98
2.91
2.81
2.17
2.27
2.53
2.50
2.47
1.88
3.18
2.31
2.54
2.61
2.87
2.70
2.60
1.94
2.89
3.14
1.92
1.89
2.47
2.53
2.16
2.27
2.49
2.00
2.79
2.52
2.56
3.14
2.19
3.12
2.92
2.43
2.63
3.07
2.63
2.69
2.66
2.47
3.03
2.89
3.19
2.34
2.73
2.80
2.59
3.03
2.75
2.06
2.32
2.21
2.64
2.30

